        2        2        2       7.5716999999999999       0.0000000000000000       0.0000000000000000       0.0000000000000000       0.0000000000000000       0.0000000000000000
        1  'H  '     918.6811094148030179
        2  'Li '    6326.3344846400996175
        1        2       0.0000000000000000       0.0000000000000000       0.0000000000000000
        2        1      -0.5000000000000000       0.5000000000000000       0.5000000000000000
      T
       4.3858699172440003       0.0000000000000000       0.0000000000000000
       0.0000000000000000       4.3858699172440003       0.0000000000000000
       0.0000000000000000       0.0000000000000000       4.3858699172440003

       1.0207477763464998       0.0000000000000000       0.0000000000000000
       0.0000000000000000       1.0207477763464998       0.0000000000000000
       0.0000000000000000       0.0000000000000000       1.0207477763464998

      -1.0207477763465000       0.0000000000000000       0.0000000000000000
       0.0000000000000000      -1.0207477763465000       0.0000000000000000
       0.0000000000000000       0.0000000000000000      -1.0207477763465000

        2        2        2
        1        1           1        1
       33
  -1  -1   1   -1.123659591517120E-03
  -1   0   0   -2.399643175260105E-03
  -1   0   1   -6.302799625569687E-04
  -1   1  -1   -1.123659591517120E-03
  -1   1   0   -2.399643175260111E-03
  -1   1   1   -1.123659591517120E-03
   0  -1   0   -6.302799625569665E-04
   0  -1   1   -2.399643175260117E-03
   0   0  -1   -2.399643175260110E-03
   0   0   0    5.559356228161246E-02
   0   0   1   -2.399643175260110E-03
   0   1  -1   -2.399643175260117E-03
   0   1   0   -6.302799625569665E-04
   1  -1  -1   -1.123659591517120E-03
   1  -1   0   -2.399643175260111E-03
   1  -1   1   -1.123659591517120E-03
   1   0  -1   -6.302799625569687E-04
   1   0   0   -2.399643175260105E-03
   1   1  -1   -1.123659591517120E-03
   0   0   2    0.000000000000000E+00
   0   1   1    0.000000000000000E+00
   0   2   0    0.000000000000000E+00
   1   0   1    0.000000000000000E+00
   1   1   0    0.000000000000000E+00
   1   1   1    0.000000000000000E+00
   2   0   0    0.000000000000000E+00
  -2   0   0    0.000000000000000E+00
  -1  -1  -1    0.000000000000000E+00
  -1  -1   0    0.000000000000000E+00
  -1   0  -1    0.000000000000000E+00
   0  -2   0    0.000000000000000E+00
   0  -1  -1    0.000000000000000E+00
   0   0  -2    0.000000000000000E+00
        1        2           1        1
       33
  -1  -1   1   -2.315131947244943E-19
  -1   0   0   -6.403843406992944E-19
  -1   0   1   -1.934610016639021E-19
  -1   1  -1   -2.315131947244943E-19
  -1   1   0   -5.176088903023131E-03
  -1   1   1   -2.315131947244943E-19
   0  -1   0    2.402198673302997E-19
   0  -1   1    6.606582662833109E-19
   0   0  -1    5.176088903023131E-03
   0   0   0    1.213006045618245E-18
   0   0   1    5.176088903023131E-03
   0   1  -1    6.606582662833109E-19
   0   1   0    2.402198673302997E-19
   1  -1  -1   -2.315131947244943E-19
   1  -1   0   -5.176088903023131E-03
   1  -1   1   -2.315131947244943E-19
   1   0  -1   -1.934610016639021E-19
   1   0   0   -6.403843406992944E-19
   1   1  -1   -2.315131947244943E-19
   0   0   2    0.000000000000000E+00
   0   1   1    0.000000000000000E+00
   0   2   0    0.000000000000000E+00
   1   0   1    0.000000000000000E+00
   1   1   0    0.000000000000000E+00
   1   1   1    0.000000000000000E+00
   2   0   0    0.000000000000000E+00
  -2   0   0    0.000000000000000E+00
  -1  -1  -1    0.000000000000000E+00
  -1  -1   0    0.000000000000000E+00
  -1   0  -1    0.000000000000000E+00
   0  -2   0    0.000000000000000E+00
   0  -1  -1    0.000000000000000E+00
   0   0  -2    0.000000000000000E+00
        1        3           1        1
       33
  -1  -1   1   -1.947786551747560E-19
  -1   0   0    5.176088903023131E-03
  -1   0   1   -7.409950101699026E-19
  -1   1  -1   -1.947786551747560E-19
  -1   1   0   -4.669798517331365E-19
  -1   1   1   -1.947786551747560E-19
   0  -1   0    5.600475968127027E-19
   0  -1   1   -5.176088903023131E-03
   0   0  -1    4.003818862552671E-19
   0   0   0    1.433413282916674E-18
   0   0   1    4.003818862552671E-19
   0   1  -1   -5.176088903023131E-03
   0   1   0    5.600475968127027E-19
   1  -1  -1   -1.947786551747560E-19
   1  -1   0   -4.669798517331365E-19
   1  -1   1   -1.947786551747560E-19
   1   0  -1   -7.409950101699026E-19
   1   0   0    5.176088903023131E-03
   1   1  -1   -1.947786551747560E-19
   0   0   2    0.000000000000000E+00
   0   1   1    0.000000000000000E+00
   0   2   0    0.000000000000000E+00
   1   0   1    0.000000000000000E+00
   1   1   0    0.000000000000000E+00
   1   1   1    0.000000000000000E+00
   2   0   0    0.000000000000000E+00
  -2   0   0    0.000000000000000E+00
  -1  -1  -1    0.000000000000000E+00
  -1  -1   0    0.000000000000000E+00
  -1   0  -1    0.000000000000000E+00
   0  -2   0    0.000000000000000E+00
   0  -1  -1    0.000000000000000E+00
   0   0  -2    0.000000000000000E+00
        2        1           1        1
       33
  -1  -1   1   -1.592341527996107E-19
  -1   0   0   -2.067001629826424E-19
  -1   0   1    2.337943283319877E-20
  -1   1  -1   -1.592341527996107E-19
  -1   1   0   -5.176088903023131E-03
  -1   1   1   -1.592341527996107E-19
   0  -1   0    2.337943283319877E-20
   0  -1   1    2.269807060115594E-19
   0   0  -1    5.176088903023131E-03
   0   0   0    7.793185591791425E-19
   0   0   1    5.176088903023131E-03
   0   1  -1    2.269807060115594E-19
   0   1   0    2.337943283319877E-20
   1  -1  -1   -1.592341527996107E-19
   1  -1   0   -5.176088903023131E-03
   1  -1   1   -1.592341527996107E-19
   1   0  -1    2.337943283319877E-20
   1   0   0   -2.067001629826424E-19
   1   1  -1   -1.592341527996107E-19
   0   0   2    0.000000000000000E+00
   0   1   1    0.000000000000000E+00
   0   2   0    0.000000000000000E+00
   1   0   1    0.000000000000000E+00
   1   1   0    0.000000000000000E+00
   1   1   1    0.000000000000000E+00
   2   0   0    0.000000000000000E+00
  -2   0   0    0.000000000000000E+00
  -1  -1  -1    0.000000000000000E+00
  -1  -1   0    0.000000000000000E+00
  -1   0  -1    0.000000000000000E+00
   0  -2   0    0.000000000000000E+00
   0  -1  -1    0.000000000000000E+00
   0   0  -2    0.000000000000000E+00
        2        2           1        1
       33
  -1  -1   1   -1.123659591517120E-03
  -1   0   0   -6.302799625569656E-04
  -1   0   1   -2.399643175260111E-03
  -1   1  -1   -1.123659591517120E-03
  -1   1   0   -2.399643175260110E-03
  -1   1   1   -1.123659591517120E-03
   0  -1   0   -2.399643175260111E-03
   0  -1   1   -6.302799625569700E-04
   0   0  -1   -2.399643175260113E-03
   0   0   0    5.559356228161248E-02
   0   0   1   -2.399643175260113E-03
   0   1  -1   -6.302799625569700E-04
   0   1   0   -2.399643175260111E-03
   1  -1  -1   -1.123659591517120E-03
   1  -1   0   -2.399643175260110E-03
   1  -1   1   -1.123659591517120E-03
   1   0  -1   -2.399643175260111E-03
   1   0   0   -6.302799625569656E-04
   1   1  -1   -1.123659591517120E-03
   0   0   2    0.000000000000000E+00
   0   1   1    0.000000000000000E+00
   0   2   0    0.000000000000000E+00
   1   0   1    0.000000000000000E+00
   1   1   0    0.000000000000000E+00
   1   1   1    0.000000000000000E+00
   2   0   0    0.000000000000000E+00
  -2   0   0    0.000000000000000E+00
  -1  -1  -1    0.000000000000000E+00
  -1  -1   0    0.000000000000000E+00
  -1   0  -1    0.000000000000000E+00
   0  -2   0    0.000000000000000E+00
   0  -1  -1    0.000000000000000E+00
   0   0  -2    0.000000000000000E+00
        2        3           1        1
       33
  -1  -1   1   -2.309796090300292E-20
  -1   0   0    4.712110161811743E-19
  -1   0   1    5.176088903023131E-03
  -1   1  -1   -2.309796090300292E-20
  -1   1   0   -3.855439204272909E-19
  -1   1   1   -2.309796090300292E-20
   0  -1   0   -5.176088903023131E-03
   0  -1   1   -3.961507218072293E-19
   0   0  -1    4.818178175611127E-19
   0   0   0   -1.385877654180175E-19
   0   0   1    4.818178175611127E-19
   0   1  -1   -3.961507218072293E-19
   0   1   0   -5.176088903023131E-03
   1  -1  -1   -2.309796090300292E-20
   1  -1   0   -3.855439204272909E-19
   1  -1   1   -2.309796090300292E-20
   1   0  -1    5.176088903023131E-03
   1   0   0    4.712110161811743E-19
   1   1  -1   -2.309796090300292E-20
   0   0   2    0.000000000000000E+00
   0   1   1    0.000000000000000E+00
   0   2   0    0.000000000000000E+00
   1   0   1    0.000000000000000E+00
   1   1   0    0.000000000000000E+00
   1   1   1    0.000000000000000E+00
   2   0   0    0.000000000000000E+00
  -2   0   0    0.000000000000000E+00
  -1  -1  -1    0.000000000000000E+00
  -1  -1   0    0.000000000000000E+00
  -1   0  -1    0.000000000000000E+00
   0  -2   0    0.000000000000000E+00
   0  -1  -1    0.000000000000000E+00
   0   0  -2    0.000000000000000E+00
        3        1           1        1
       33
  -1  -1   1   -1.947786551747560E-19
  -1   0   0    5.176088903023131E-03
  -1   0   1   -7.409950101699026E-19
  -1   1  -1   -1.947786551747560E-19
  -1   1   0   -4.669798517331365E-19
  -1   1   1   -1.947786551747560E-19
   0  -1   0    5.600475968127027E-19
   0  -1   1   -5.176088903023131E-03
   0   0  -1    4.003818862552671E-19
   0   0   0    1.433413282916674E-18
   0   0   1    4.003818862552671E-19
   0   1  -1   -5.176088903023131E-03
   0   1   0    5.600475968127027E-19
   1  -1  -1   -1.947786551747560E-19
   1  -1   0   -4.669798517331365E-19
   1  -1   1   -1.947786551747560E-19
   1   0  -1   -7.409950101699026E-19
   1   0   0    5.176088903023131E-03
   1   1  -1   -1.947786551747560E-19
   0   0   2    0.000000000000000E+00
   0   1   1    0.000000000000000E+00
   0   2   0    0.000000000000000E+00
   1   0   1    0.000000000000000E+00
   1   1   0    0.000000000000000E+00
   1   1   1    0.000000000000000E+00
   2   0   0    0.000000000000000E+00
  -2   0   0    0.000000000000000E+00
  -1  -1  -1    0.000000000000000E+00
  -1  -1   0    0.000000000000000E+00
  -1   0  -1    0.000000000000000E+00
   0  -2   0    0.000000000000000E+00
   0  -1  -1    0.000000000000000E+00
   0   0  -2    0.000000000000000E+00
        3        2           1        1
       33
  -1  -1   1    4.918163247562234E-20
  -1   0   0    2.543722360452985E-19
  -1   0   1    5.176088903023131E-03
  -1   1  -1    4.918163247562234E-20
  -1   1   0   -1.687018315689649E-19
  -1   1   1    4.918163247562234E-20
   0  -1   0   -5.176088903023131E-03
   0  -1   1   -1.793086329489033E-19
   0   0  -1    2.649790374252369E-19
   0   0   0   -5.722719431346695E-19
   0   0   1    2.649790374252369E-19
   0   1  -1   -1.793086329489033E-19
   0   1   0   -5.176088903023131E-03
   1  -1  -1    4.918163247562234E-20
   1  -1   0   -1.687018315689649E-19
   1  -1   1    4.918163247562234E-20
   1   0  -1    5.176088903023131E-03
   1   0   0    2.543722360452985E-19
   1   1  -1    4.918163247562234E-20
   0   0   2    0.000000000000000E+00
   0   1   1    0.000000000000000E+00
   0   2   0    0.000000000000000E+00
   1   0   1    0.000000000000000E+00
   1   1   0    0.000000000000000E+00
   1   1   1    0.000000000000000E+00
   2   0   0    0.000000000000000E+00
  -2   0   0    0.000000000000000E+00
  -1  -1  -1    0.000000000000000E+00
  -1  -1   0    0.000000000000000E+00
  -1   0  -1    0.000000000000000E+00
   0  -2   0    0.000000000000000E+00
   0  -1  -1    0.000000000000000E+00
   0   0  -2    0.000000000000000E+00
        3        3           1        1
       33
  -1  -1   1   -1.123659591517118E-03
  -1   0   0   -2.399643175260105E-03
  -1   0   1   -2.399643175260110E-03
  -1   1  -1   -1.123659591517118E-03
  -1   1   0   -6.302799625569656E-04
  -1   1   1   -1.123659591517118E-03
   0  -1   0   -2.399643175260111E-03
   0  -1   1   -2.399643175260118E-03
   0   0  -1   -6.302799625569674E-04
   0   0   0    5.559356228161247E-02
   0   0   1   -6.302799625569674E-04
   0   1  -1   -2.399643175260118E-03
   0   1   0   -2.399643175260111E-03
   1  -1  -1   -1.123659591517118E-03
   1  -1   0   -6.302799625569656E-04
   1  -1   1   -1.123659591517118E-03
   1   0  -1   -2.399643175260110E-03
   1   0   0   -2.399643175260105E-03
   1   1  -1   -1.123659591517118E-03
   0   0   2    0.000000000000000E+00
   0   1   1    0.000000000000000E+00
   0   2   0    0.000000000000000E+00
   1   0   1    0.000000000000000E+00
   1   1   0    0.000000000000000E+00
   1   1   1    0.000000000000000E+00
   2   0   0    0.000000000000000E+00
  -2   0   0    0.000000000000000E+00
  -1  -1  -1    0.000000000000000E+00
  -1  -1   0    0.000000000000000E+00
  -1   0  -1    0.000000000000000E+00
   0  -2   0    0.000000000000000E+00
   0  -1  -1    0.000000000000000E+00
   0   0  -2    0.000000000000000E+00
        1        1           1        2
       33
  -1  -1   1    0.000000000000000E+00
  -1   0   0    0.000000000000000E+00
  -1   0   1    0.000000000000000E+00
  -1   1  -1    0.000000000000000E+00
  -1   1   0    0.000000000000000E+00
  -1   1   1   -3.967450758990592E-04
   0  -1   0    0.000000000000000E+00
   0  -1   1    0.000000000000000E+00
   0   0  -1    0.000000000000000E+00
   0   0   0   -3.967450758990592E-04
   0   0   1   -1.964292887490244E-04
   0   1  -1    0.000000000000000E+00
   0   1   0   -1.143238585900624E-02
   1  -1  -1    0.000000000000000E+00
   1  -1   0    0.000000000000000E+00
   1  -1   1   -3.967450758990592E-04
   1   0  -1    0.000000000000000E+00
   1   0   0   -1.964292887490248E-04
   1   1  -1   -3.967450758990592E-04
   0   0   2   -3.967450758990592E-04
   0   1   1   -1.964292887490266E-04
   0   2   0   -3.967450758990592E-04
   1   0   1   -1.143238585900624E-02
   1   1   0   -1.964292887490261E-04
   1   1   1   -3.967450758990592E-04
   2   0   0   -3.967450758990592E-04
  -2   0   0    0.000000000000000E+00
  -1  -1  -1    0.000000000000000E+00
  -1  -1   0    0.000000000000000E+00
  -1   0  -1    0.000000000000000E+00
   0  -2   0    0.000000000000000E+00
   0  -1  -1    0.000000000000000E+00
   0   0  -2    0.000000000000000E+00
        1        2           1        2
       33
  -1  -1   1    0.000000000000000E+00
  -1   0   0    0.000000000000000E+00
  -1   0   1    0.000000000000000E+00
  -1   1  -1    0.000000000000000E+00
  -1   1   0    0.000000000000000E+00
  -1   1   1   -7.825292964881915E-20
   0  -1   0    0.000000000000000E+00
   0  -1   1    0.000000000000000E+00
   0   0  -1    0.000000000000000E+00
   0   0   0    1.133613699777136E-19
   0   0   1    6.846695652011712E-20
   0   1  -1    0.000000000000000E+00
   0   1   0   -5.919411408844236E-19
   1  -1  -1    0.000000000000000E+00
   1  -1   0    0.000000000000000E+00
   1  -1   1   -7.825292964881915E-20
   1   0  -1    0.000000000000000E+00
   1   0   0   -5.920734897824320E-19
   1   1  -1   -7.825292964881915E-20
   0   0   2    1.133613699777136E-19
   0   1   1    5.648476671008616E-19
   0   2   0    1.133613699777136E-19
   1   0   1    5.649800159988701E-19
   1   1   0    6.831397521042643E-20
   1   1   1   -7.825292964881917E-20
   2   0   0    1.133613699777136E-19
  -2   0   0    0.000000000000000E+00
  -1  -1  -1    0.000000000000000E+00
  -1  -1   0    0.000000000000000E+00
  -1   0  -1    0.000000000000000E+00
   0  -2   0    0.000000000000000E+00
   0  -1  -1    0.000000000000000E+00
   0   0  -2    0.000000000000000E+00
        1        3           1        2
       33
  -1  -1   1    0.000000000000000E+00
  -1   0   0    0.000000000000000E+00
  -1   0   1    0.000000000000000E+00
  -1   1  -1    0.000000000000000E+00
  -1   1   0    0.000000000000000E+00
  -1   1   1   -9.876990397227816E-20
   0  -1   0    0.000000000000000E+00
   0  -1   1    0.000000000000000E+00
   0   0  -1    0.000000000000000E+00
   0   0   0    9.284439565425454E-20
   0   0   1   -6.125726797227210E-19
   0   1  -1    0.000000000000000E+00
   0   1   0   -6.066434490919410E-19
   1  -1  -1    0.000000000000000E+00
   1  -1   0    0.000000000000000E+00
   1  -1   1   -9.876990397227816E-20
   1   0  -1    0.000000000000000E+00
   1   0   0   -6.109993146438606E-21
   1   1  -1   -9.876990397227815E-20
   0   0   2    9.284439565425455E-20
   0   1   1   -6.262974456129582E-21
   0   2   0    9.284439565425454E-20
   1   0   1    5.502777077913526E-19
   1   1   0    5.443484771605724E-19
   1   1   1   -9.876990397227814E-20
   2   0   0    9.284439565425455E-20
  -2   0   0    0.000000000000000E+00
  -1  -1  -1    0.000000000000000E+00
  -1  -1   0    0.000000000000000E+00
  -1   0  -1    0.000000000000000E+00
   0  -2   0    0.000000000000000E+00
   0  -1  -1    0.000000000000000E+00
   0   0  -2    0.000000000000000E+00
        2        1           1        2
       33
  -1  -1   1    0.000000000000000E+00
  -1   0   0    0.000000000000000E+00
  -1   0   1    0.000000000000000E+00
  -1   1  -1    0.000000000000000E+00
  -1   1   0    0.000000000000000E+00
  -1   1   1   -7.825292964881915E-20
   0  -1   0    0.000000000000000E+00
   0  -1   1    0.000000000000000E+00
   0   0  -1    0.000000000000000E+00
   0   0   0    1.133613699777136E-19
   0   0   1    6.846695652011712E-20
   0   1  -1    0.000000000000000E+00
   0   1   0   -5.919411408844235E-19
   1  -1  -1    0.000000000000000E+00
   1  -1   0    0.000000000000000E+00
   1  -1   1   -7.825292964881917E-20
   1   0  -1    0.000000000000000E+00
   1   0   0   -5.920734897824321E-19
   1   1  -1   -7.825292964881917E-20
   0   0   2    1.133613699777136E-19
   0   1   1    5.648476671008616E-19
   0   2   0    1.133613699777136E-19
   1   0   1    5.649800159988701E-19
   1   1   0    6.831397521042638E-20
   1   1   1   -7.825292964881918E-20
   2   0   0    1.133613699777136E-19
  -2   0   0    0.000000000000000E+00
  -1  -1  -1    0.000000000000000E+00
  -1  -1   0    0.000000000000000E+00
  -1   0  -1    0.000000000000000E+00
   0  -2   0    0.000000000000000E+00
   0  -1  -1    0.000000000000000E+00
   0   0  -2    0.000000000000000E+00
        2        2           1        2
       33
  -1  -1   1    0.000000000000000E+00
  -1   0   0    0.000000000000000E+00
  -1   0   1    0.000000000000000E+00
  -1   1  -1    0.000000000000000E+00
  -1   1   0    0.000000000000000E+00
  -1   1   1   -3.967450758990592E-04
   0  -1   0    0.000000000000000E+00
   0  -1   1    0.000000000000000E+00
   0   0  -1    0.000000000000000E+00
   0   0   0   -3.967450758990592E-04
   0   0   1   -1.964292887490248E-04
   0   1  -1    0.000000000000000E+00
   0   1   0   -1.964292887490248E-04
   1  -1  -1    0.000000000000000E+00
   1  -1   0    0.000000000000000E+00
   1  -1   1   -3.967450758990592E-04
   1   0  -1    0.000000000000000E+00
   1   0   0   -1.143238585900624E-02
   1   1  -1   -3.967450758990592E-04
   0   0   2   -3.967450758990592E-04
   0   1   1   -1.143238585900624E-02
   0   2   0   -3.967450758990592E-04
   1   0   1   -1.964292887490266E-04
   1   1   0   -1.964292887490266E-04
   1   1   1   -3.967450758990592E-04
   2   0   0   -3.967450758990592E-04
  -2   0   0    0.000000000000000E+00
  -1  -1  -1    0.000000000000000E+00
  -1  -1   0    0.000000000000000E+00
  -1   0  -1    0.000000000000000E+00
   0  -2   0    0.000000000000000E+00
   0  -1  -1    0.000000000000000E+00
   0   0  -2    0.000000000000000E+00
        2        3           1        2
       33
  -1  -1   1    0.000000000000000E+00
  -1   0   0    0.000000000000000E+00
  -1   0   1    0.000000000000000E+00
  -1   1  -1    0.000000000000000E+00
  -1   1   0    0.000000000000000E+00
  -1   1   1    1.044803453310380E-19
   0  -1   0    0.000000000000000E+00
   0  -1   1    0.000000000000000E+00
   0   0  -1    0.000000000000000E+00
   0   0   0   -8.713395429549472E-20
   0   0   1    5.573021255531529E-19
   0   1  -1    0.000000000000000E+00
   0   1   0    3.220754147248673E-20
   1  -1  -1    0.000000000000000E+00
   1  -1   0    0.000000000000000E+00
   1  -1   1    1.044803453310380E-19
   1   0  -1    0.000000000000000E+00
   1   0   0    5.531993097148901E-19
   1   1  -1    1.044803453310380E-19
   0   0   2   -8.713395429549475E-20
   0   1   1   -6.037218471684039E-19
   0   2   0   -8.713395429549474E-20
   1   0   1    3.236052278217746E-20
   1   1   0   -5.996190313301408E-19
   1   1   1    1.044803453310380E-19
   2   0   0   -8.713395429549474E-20
  -2   0   0    0.000000000000000E+00
  -1  -1  -1    0.000000000000000E+00
  -1  -1   0    0.000000000000000E+00
  -1   0  -1    0.000000000000000E+00
   0  -2   0    0.000000000000000E+00
   0  -1  -1    0.000000000000000E+00
   0   0  -2    0.000000000000000E+00
        3        1           1        2
       33
  -1  -1   1    0.000000000000000E+00
  -1   0   0    0.000000000000000E+00
  -1   0   1    0.000000000000000E+00
  -1   1  -1    0.000000000000000E+00
  -1   1   0    0.000000000000000E+00
  -1   1   1   -9.876990397227815E-20
   0  -1   0    0.000000000000000E+00
   0  -1   1    0.000000000000000E+00
   0   0  -1    0.000000000000000E+00
   0   0   0    9.284439565425454E-20
   0   0   1   -6.125726797227211E-19
   0   1  -1    0.000000000000000E+00
   0   1   0   -6.066434490919410E-19
   1  -1  -1    0.000000000000000E+00
   1  -1   0    0.000000000000000E+00
   1  -1   1   -9.876990397227815E-20
   1   0  -1    0.000000000000000E+00
   1   0   0   -6.109993146438654E-21
   1   1  -1   -9.876990397227815E-20
   0   0   2    9.284439565425454E-20
   0   1   1   -6.262974456129534E-21
   0   2   0    9.284439565425454E-20
   1   0   1    5.502777077913526E-19
   1   1   0    5.443484771605725E-19
   1   1   1   -9.876990397227814E-20
   2   0   0    9.284439565425454E-20
  -2   0   0    0.000000000000000E+00
  -1  -1  -1    0.000000000000000E+00
  -1  -1   0    0.000000000000000E+00
  -1   0  -1    0.000000000000000E+00
   0  -2   0    0.000000000000000E+00
   0  -1  -1    0.000000000000000E+00
   0   0  -2    0.000000000000000E+00
        3        2           1        2
       33
  -1  -1   1    0.000000000000000E+00
  -1   0   0    0.000000000000000E+00
  -1   0   1    0.000000000000000E+00
  -1   1  -1    0.000000000000000E+00
  -1   1   0    0.000000000000000E+00
  -1   1   1    1.044803453310380E-19
   0  -1   0    0.000000000000000E+00
   0  -1   1    0.000000000000000E+00
   0   0  -1    0.000000000000000E+00
   0   0   0   -8.713395429549472E-20
   0   0   1    5.573021255531530E-19
   0   1  -1    0.000000000000000E+00
   0   1   0    3.220754147248673E-20
   1  -1  -1    0.000000000000000E+00
   1  -1   0    0.000000000000000E+00
   1  -1   1    1.044803453310380E-19
   1   0  -1    0.000000000000000E+00
   1   0   0    5.531993097148901E-19
   1   1  -1    1.044803453310380E-19
   0   0   2   -8.713395429549475E-20
   0   1   1   -6.037218471684039E-19
   0   2   0   -8.713395429549474E-20
   1   0   1    3.236052278217746E-20
   1   1   0   -5.996190313301408E-19
   1   1   1    1.044803453310380E-19
   2   0   0   -8.713395429549474E-20
  -2   0   0    0.000000000000000E+00
  -1  -1  -1    0.000000000000000E+00
  -1  -1   0    0.000000000000000E+00
  -1   0  -1    0.000000000000000E+00
   0  -2   0    0.000000000000000E+00
   0  -1  -1    0.000000000000000E+00
   0   0  -2    0.000000000000000E+00
        3        3           1        2
       33
  -1  -1   1    0.000000000000000E+00
  -1   0   0    0.000000000000000E+00
  -1   0   1    0.000000000000000E+00
  -1   1  -1    0.000000000000000E+00
  -1   1   0    0.000000000000000E+00
  -1   1   1   -3.967450758990591E-04
   0  -1   0    0.000000000000000E+00
   0  -1   1    0.000000000000000E+00
   0   0  -1    0.000000000000000E+00
   0   0   0   -3.967450758990591E-04
   0   0   1   -1.143238585900624E-02
   0   1  -1    0.000000000000000E+00
   0   1   0   -1.964292887490244E-04
   1  -1  -1    0.000000000000000E+00
   1  -1   0    0.000000000000000E+00
   1  -1   1   -3.967450758990591E-04
   1   0  -1    0.000000000000000E+00
   1   0   0   -1.964292887490248E-04
   1   1  -1   -3.967450758990591E-04
   0   0   2   -3.967450758990591E-04
   0   1   1   -1.964292887490266E-04
   0   2   0   -3.967450758990591E-04
   1   0   1   -1.964292887490261E-04
   1   1   0   -1.143238585900624E-02
   1   1   1   -3.967450758990591E-04
   2   0   0   -3.967450758990591E-04
  -2   0   0    0.000000000000000E+00
  -1  -1  -1    0.000000000000000E+00
  -1  -1   0    0.000000000000000E+00
  -1   0  -1    0.000000000000000E+00
   0  -2   0    0.000000000000000E+00
   0  -1  -1    0.000000000000000E+00
   0   0  -2    0.000000000000000E+00
        1        1           2        1
       33
  -1  -1   1   -3.967450758990592E-04
  -1   0   0   -1.964292887490248E-04
  -1   0   1    0.000000000000000E+00
  -1   1  -1   -3.967450758990592E-04
  -1   1   0    0.000000000000000E+00
  -1   1   1    0.000000000000000E+00
   0  -1   0   -1.143238585900624E-02
   0  -1   1    0.000000000000000E+00
   0   0  -1   -1.964292887490244E-04
   0   0   0   -3.967450758990592E-04
   0   0   1    0.000000000000000E+00
   0   1  -1    0.000000000000000E+00
   0   1   0    0.000000000000000E+00
   1  -1  -1   -3.967450758990592E-04
   1  -1   0    0.000000000000000E+00
   1  -1   1    0.000000000000000E+00
   1   0  -1    0.000000000000000E+00
   1   0   0    0.000000000000000E+00
   1   1  -1    0.000000000000000E+00
   0   0   2    0.000000000000000E+00
   0   1   1    0.000000000000000E+00
   0   2   0    0.000000000000000E+00
   1   0   1    0.000000000000000E+00
   1   1   0    0.000000000000000E+00
   1   1   1    0.000000000000000E+00
   2   0   0    0.000000000000000E+00
  -2   0   0   -3.967450758990592E-04
  -1  -1  -1   -3.967450758990592E-04
  -1  -1   0   -1.964292887490261E-04
  -1   0  -1   -1.143238585900624E-02
   0  -2   0   -3.967450758990592E-04
   0  -1  -1   -1.964292887490266E-04
   0   0  -2   -3.967450758990592E-04
        1        2           2        1
       33
  -1  -1   1   -7.830545561771627E-20
  -1   0   0   -5.927071101316478E-19
  -1   0   1    0.000000000000000E+00
  -1   1  -1   -7.830545561771627E-20
  -1   1   0    0.000000000000000E+00
  -1   1   1    0.000000000000000E+00
   0  -1   0   -5.917277282863848E-19
   0  -1   1    0.000000000000000E+00
   0   0  -1    6.910388559178305E-20
   0   0   0    1.133088440088165E-19
   0   0   1    0.000000000000000E+00
   0   1  -1    0.000000000000000E+00
   0   1   0    0.000000000000000E+00
   1  -1  -1   -7.830545561771627E-20
   1  -1   0    0.000000000000000E+00
   1  -1   1    0.000000000000000E+00
   1   0  -1    0.000000000000000E+00
   1   0   0    0.000000000000000E+00
   1   1  -1    0.000000000000000E+00
   0   0   2    0.000000000000000E+00
   0   1   1    0.000000000000000E+00
   0   2   0    0.000000000000000E+00
   1   0   1    0.000000000000000E+00
   1   1   0    0.000000000000000E+00
   1   1   1    0.000000000000000E+00
   2   0   0    0.000000000000000E+00
  -2   0   0    1.133088440088165E-19
  -1  -1  -1   -7.830545561771628E-20
  -1  -1   0    6.895090428209217E-20
  -1   0  -1    5.651934285969088E-19
   0  -2   0    1.133088440088165E-19
   0  -1  -1    5.642140467516462E-19
   0   0  -2    1.133088440088165E-19
        1        3           2        1
       33
  -1  -1   1   -9.823968119963167E-20
  -1   0   0   -9.071299739378349E-21
  -1   0   1    0.000000000000000E+00
  -1   1  -1   -9.823968119963167E-20
  -1   1   0    0.000000000000000E+00
  -1   1   1    0.000000000000000E+00
   0  -1   0   -6.096047556848809E-19
   0  -1   1    0.000000000000000E+00
   0   0  -1   -6.087577227376266E-19
   0   0   0    9.337461842690104E-20
   0   0   1    0.000000000000000E+00
   0   1  -1    0.000000000000000E+00
   0   1   0    0.000000000000000E+00
   1  -1  -1   -9.823968119963167E-20
   1  -1   0    0.000000000000000E+00
   1  -1   1    0.000000000000000E+00
   1   0  -1    0.000000000000000E+00
   1   0   0    0.000000000000000E+00
   1   1  -1    0.000000000000000E+00
   0   0   2    0.000000000000000E+00
   0   1   1    0.000000000000000E+00
   0   2   0    0.000000000000000E+00
   1   0   1    0.000000000000000E+00
   1   1   0    0.000000000000000E+00
   1   1   1    0.000000000000000E+00
   2   0   0    0.000000000000000E+00
  -2   0   0    9.337461842690104E-20
  -1  -1  -1   -9.823968119963166E-20
  -1  -1   0    5.481634341456671E-19
  -1   0  -1    5.473164011984128E-19
   0  -2   0    9.337461842690104E-20
   0  -1  -1   -9.224281049069518E-21
   0   0  -2    9.337461842690104E-20
        2        1           2        1
       33
  -1  -1   1   -7.825251605851289E-20
  -1   0   0   -5.929188683684613E-19
  -1   0   1    0.000000000000000E+00
  -1   1  -1   -7.825251605851289E-20
  -1   1   0    0.000000000000000E+00
  -1   1   1    0.000000000000000E+00
   0  -1   0   -5.919394865231985E-19
   0  -1   1    0.000000000000000E+00
   0   0  -1    6.931564382859667E-20
   0   0   0    1.133617835680199E-19
   0   0   1    0.000000000000000E+00
   0   1  -1    0.000000000000000E+00
   0   1   0    0.000000000000000E+00
   1  -1  -1   -7.825251605851288E-20
   1  -1   0    0.000000000000000E+00
   1  -1   1    0.000000000000000E+00
   1   0  -1    0.000000000000000E+00
   1   0   0    0.000000000000000E+00
   1   1  -1    0.000000000000000E+00
   0   0   2    0.000000000000000E+00
   0   1   1    0.000000000000000E+00
   0   2   0    0.000000000000000E+00
   1   0   1    0.000000000000000E+00
   1   1   0    0.000000000000000E+00
   1   1   1    0.000000000000000E+00
   2   0   0    0.000000000000000E+00
  -2   0   0    1.133617835680199E-19
  -1  -1  -1   -7.825251605851290E-20
  -1  -1   0    6.916266251890569E-20
  -1   0  -1    5.649816703600953E-19
   0  -2   0    1.133617835680199E-19
   0  -1  -1    5.640022885148325E-19
   0   0  -2    1.133617835680199E-19
        2        2           2        1
       33
  -1  -1   1   -3.967450758990592E-04
  -1   0   0   -1.143238585900624E-02
  -1   0   1    0.000000000000000E+00
  -1   1  -1   -3.967450758990592E-04
  -1   1   0    0.000000000000000E+00
  -1   1   1    0.000000000000000E+00
   0  -1   0   -1.964292887490248E-04
   0  -1   1    0.000000000000000E+00
   0   0  -1   -1.964292887490248E-04
   0   0   0   -3.967450758990592E-04
   0   0   1    0.000000000000000E+00
   0   1  -1    0.000000000000000E+00
   0   1   0    0.000000000000000E+00
   1  -1  -1   -3.967450758990592E-04
   1  -1   0    0.000000000000000E+00
   1  -1   1    0.000000000000000E+00
   1   0  -1    0.000000000000000E+00
   1   0   0    0.000000000000000E+00
   1   1  -1    0.000000000000000E+00
   0   0   2    0.000000000000000E+00
   0   1   1    0.000000000000000E+00
   0   2   0    0.000000000000000E+00
   1   0   1    0.000000000000000E+00
   1   1   0    0.000000000000000E+00
   1   1   1    0.000000000000000E+00
   2   0   0    0.000000000000000E+00
  -2   0   0   -3.967450758990592E-04
  -1  -1  -1   -3.967450758990592E-04
  -1  -1   0   -1.964292887490266E-04
  -1   0  -1   -1.964292887490266E-04
   0  -2   0   -3.967450758990592E-04
   0  -1  -1   -1.143238585900624E-02
   0   0  -2   -3.967450758990592E-04
        2        3           2        1
       33
  -1  -1   1    1.041622943855114E-19
  -1   0   0    5.553152377218007E-19
  -1   0   1    0.000000000000000E+00
  -1   1  -1    1.041622943855114E-19
  -1   1   0    0.000000000000000E+00
  -1   1   1    0.000000000000000E+00
   0  -1   0    3.347643653214297E-20
   0  -1   1    0.000000000000000E+00
   0   0  -1    5.551828888237923E-19
   0   0   0   -8.745200524102137E-20
   0   0   1    0.000000000000000E+00
   0   1  -1    0.000000000000000E+00
   0   1   0    0.000000000000000E+00
   1  -1  -1    1.041622943855114E-19
   1  -1   0    0.000000000000000E+00
   1  -1   1    0.000000000000000E+00
   1   0  -1    0.000000000000000E+00
   1   0   0    0.000000000000000E+00
   1   1  -1    0.000000000000000E+00
   0   0   2    0.000000000000000E+00
   0   1   1    0.000000000000000E+00
   0   2   0    0.000000000000000E+00
   1   0   1    0.000000000000000E+00
   1   1   0    0.000000000000000E+00
   1   1   1    0.000000000000000E+00
   2   0   0    0.000000000000000E+00
  -2   0   0   -8.745200524102139E-20
  -1  -1  -1    1.041622943855114E-19
  -1  -1   0   -6.017382680595018E-19
  -1   0  -1    3.362941784183390E-20
   0  -2   0   -8.745200524102139E-20
   0  -1  -1   -6.016059191614933E-19
   0   0  -2   -8.745200524102139E-20
        3        1           2        1
       33
  -1  -1   1   -9.818674164042828E-20
  -1   0   0   -8.859541502564774E-21
  -1   0   1    0.000000000000000E+00
  -1   1  -1   -9.818674164042828E-20
  -1   1   0    0.000000000000000E+00
  -1   1   1    0.000000000000000E+00
   0  -1   0   -6.098165139216945E-19
   0  -1   1    0.000000000000000E+00
   0   0  -1   -6.089694809744401E-19
   0   0   0    9.342755798610443E-20
   0   0   1    0.000000000000000E+00
   0   1  -1    0.000000000000000E+00
   0   1   0    0.000000000000000E+00
   1  -1  -1   -9.818674164042828E-20
   1  -1   0    0.000000000000000E+00
   1  -1   1    0.000000000000000E+00
   1   0  -1    0.000000000000000E+00
   1   0   0    0.000000000000000E+00
   1   1  -1    0.000000000000000E+00
   0   0   2    0.000000000000000E+00
   0   1   1    0.000000000000000E+00
   0   2   0    0.000000000000000E+00
   1   0   1    0.000000000000000E+00
   1   1   0    0.000000000000000E+00
   1   1   1    0.000000000000000E+00
   2   0   0    0.000000000000000E+00
  -2   0   0    9.342755798610443E-20
  -1  -1  -1   -9.818674164042827E-20
  -1  -1   0    5.479516759088534E-19
  -1   0  -1    5.471046429615992E-19
   0  -2   0    9.342755798610443E-20
   0  -1  -1   -9.012522812255942E-21
   0   0  -2    9.342755798610443E-20
        3        2           2        1
       33
  -1  -1   1    1.041093548263080E-19
  -1   0   0    5.555269959586143E-19
  -1   0   1    0.000000000000000E+00
  -1   1  -1    1.041093548263080E-19
  -1   1   0    0.000000000000000E+00
  -1   1   1    0.000000000000000E+00
   0  -1   0    3.326467829532940E-20
   0  -1   1    0.000000000000000E+00
   0   0  -1    5.553946470606056E-19
   0   0   0   -8.750494480022478E-20
   0   0   1    0.000000000000000E+00
   0   1  -1    0.000000000000000E+00
   0   1   0    0.000000000000000E+00
   1  -1  -1    1.041093548263080E-19
   1  -1   0    0.000000000000000E+00
   1  -1   1    0.000000000000000E+00
   1   0  -1    0.000000000000000E+00
   1   0   0    0.000000000000000E+00
   1   1  -1    0.000000000000000E+00
   0   0   2    0.000000000000000E+00
   0   1   1    0.000000000000000E+00
   0   2   0    0.000000000000000E+00
   1   0   1    0.000000000000000E+00
   1   1   0    0.000000000000000E+00
   1   1   1    0.000000000000000E+00
   2   0   0    0.000000000000000E+00
  -2   0   0   -8.750494480022479E-20
  -1  -1  -1    1.041093548263080E-19
  -1  -1   0   -6.015265098226880E-19
  -1   0  -1    3.341765960502033E-20
   0  -2   0   -8.750494480022478E-20
   0  -1  -1   -6.013941609246797E-19
   0   0  -2   -8.750494480022479E-20
        3        3           2        1
       33
  -1  -1   1   -3.967450758990591E-04
  -1   0   0   -1.964292887490248E-04
  -1   0   1    0.000000000000000E+00
  -1   1  -1   -3.967450758990591E-04
  -1   1   0    0.000000000000000E+00
  -1   1   1    0.000000000000000E+00
   0  -1   0   -1.964292887490244E-04
   0  -1   1    0.000000000000000E+00
   0   0  -1   -1.143238585900624E-02
   0   0   0   -3.967450758990591E-04
   0   0   1    0.000000000000000E+00
   0   1  -1    0.000000000000000E+00
   0   1   0    0.000000000000000E+00
   1  -1  -1   -3.967450758990591E-04
   1  -1   0    0.000000000000000E+00
   1  -1   1    0.000000000000000E+00
   1   0  -1    0.000000000000000E+00
   1   0   0    0.000000000000000E+00
   1   1  -1    0.000000000000000E+00
   0   0   2    0.000000000000000E+00
   0   1   1    0.000000000000000E+00
   0   2   0    0.000000000000000E+00
   1   0   1    0.000000000000000E+00
   1   1   0    0.000000000000000E+00
   1   1   1    0.000000000000000E+00
   2   0   0    0.000000000000000E+00
  -2   0   0   -3.967450758990591E-04
  -1  -1  -1   -3.967450758990591E-04
  -1  -1   0   -1.143238585900624E-02
  -1   0  -1   -1.964292887490261E-04
   0  -2   0   -3.967450758990591E-04
   0  -1  -1   -1.964292887490266E-04
   0   0  -2   -3.967450758990591E-04
        1        1           2        2
       33
  -1  -1   1   -2.435050081837946E-04
  -1   0   0   -1.718866925260112E-03
  -1   0   1   -1.047268712556967E-03
  -1   1  -1   -2.435050081837946E-04
  -1   1   0   -1.718866925260116E-03
  -1   1   1   -2.435050081837946E-04
   0  -1   0   -1.047268712556963E-03
   0  -1   1   -1.718866925260115E-03
   0   0  -1   -1.718866925260112E-03
   0   0   0    4.624031978161253E-02
   0   0   1   -1.718866925260112E-03
   0   1  -1   -1.718866925260115E-03
   0   1   0   -1.047268712556963E-03
   1  -1  -1   -2.435050081837946E-04
   1  -1   0   -1.718866925260116E-03
   1  -1   1   -2.435050081837946E-04
   1   0  -1   -1.047268712556967E-03
   1   0   0   -1.718866925260112E-03
   1   1  -1   -2.435050081837946E-04
   0   0   2    0.000000000000000E+00
   0   1   1    0.000000000000000E+00
   0   2   0    0.000000000000000E+00
   1   0   1    0.000000000000000E+00
   1   1   0    0.000000000000000E+00
   1   1   1    0.000000000000000E+00
   2   0   0    0.000000000000000E+00
  -2   0   0    0.000000000000000E+00
  -1  -1  -1    0.000000000000000E+00
  -1  -1   0    0.000000000000000E+00
  -1   0  -1    0.000000000000000E+00
   0  -2   0    0.000000000000000E+00
   0  -1  -1    0.000000000000000E+00
   0   0  -2    0.000000000000000E+00
        1        2           2        2
       33
  -1  -1   1   -4.808874156945499E-20
  -1   0   0    5.448073229940913E-20
  -1   0   1    2.305583977756803E-19
  -1   1  -1   -4.808874156945499E-20
  -1   1   0    1.226609697687083E-05
  -1   1   1   -4.808874156945499E-20
   0  -1   0   -9.385522102271673E-20
   0  -1   1    6.210402882469783E-20
   0   0  -1   -1.226609697687083E-05
   0   0   0    9.602050863672241E-20
   0   0   1   -1.226609697687083E-05
   0   1  -1    6.210402882469783E-20
   0   1   0   -9.385522102271673E-20
   1  -1  -1   -4.808874156945499E-20
   1  -1   0    1.226609697687083E-05
   1  -1   1   -4.808874156945499E-20
   1   0  -1    2.305583977756803E-19
   1   0   0    5.448073229940913E-20
   1   1  -1   -4.808874156945499E-20
   0   0   2    0.000000000000000E+00
   0   1   1    0.000000000000000E+00
   0   2   0    0.000000000000000E+00
   1   0   1    0.000000000000000E+00
   1   1   0    0.000000000000000E+00
   1   1   1    0.000000000000000E+00
   2   0   0    0.000000000000000E+00
  -2   0   0    0.000000000000000E+00
  -1  -1  -1    0.000000000000000E+00
  -1  -1   0    0.000000000000000E+00
  -1   0  -1    0.000000000000000E+00
   0  -2   0    0.000000000000000E+00
   0  -1  -1    0.000000000000000E+00
   0   0  -2    0.000000000000000E+00
        1        3           2        2
       33
  -1  -1   1    1.595385552650303E-19
  -1   0   0   -1.226609697687049E-05
  -1   0   1    1.410309857178410E-19
  -1   1  -1    1.595385552650303E-19
  -1   1   0    3.536362554786704E-19
  -1   1   1    1.595385552650303E-19
   0  -1   0   -2.206520827597452E-19
   0  -1   1    1.226609697687043E-05
   0   0  -1   -3.189079046412441E-19
   0   0   0   -8.096793963822889E-19
   0   0   1   -3.189079046412441E-19
   0   1  -1    1.226609697687043E-05
   0   1   0   -2.206520827597452E-19
   1  -1  -1    1.595385552650303E-19
   1  -1   0    3.536362554786704E-19
   1  -1   1    1.595385552650303E-19
   1   0  -1    1.410309857178410E-19
   1   0   0   -1.226609697687049E-05
   1   1  -1    1.595385552650303E-19
   0   0   2    0.000000000000000E+00
   0   1   1    0.000000000000000E+00
   0   2   0    0.000000000000000E+00
   1   0   1    0.000000000000000E+00
   1   1   0    0.000000000000000E+00
   1   1   1    0.000000000000000E+00
   2   0   0    0.000000000000000E+00
  -2   0   0    0.000000000000000E+00
  -1  -1  -1    0.000000000000000E+00
  -1  -1   0    0.000000000000000E+00
  -1   0  -1    0.000000000000000E+00
   0  -2   0    0.000000000000000E+00
   0  -1  -1    0.000000000000000E+00
   0   0  -2    0.000000000000000E+00
        2        1           2        2
       33
  -1  -1   1   -5.260955934392814E-20
  -1   0   0    6.802995073302772E-20
  -1   0   1    2.170124880645119E-19
  -1   1  -1   -5.260955934392814E-20
  -1   1   0    1.226609697687084E-05
  -1   1   1   -5.260955934392814E-20
   0  -1   0   -8.029607642174750E-20
   0  -1   1    4.854819294617881E-20
   0   0  -1   -1.226609697687084E-05
   0   0   0    1.231057106141587E-19
   0   0   1   -1.226609697687084E-05
   0   1  -1    4.854819294617881E-20
   0   1   0   -8.029607642174750E-20
   1  -1  -1   -5.260955934392814E-20
   1  -1   0    1.226609697687084E-05
   1  -1   1   -5.260955934392814E-20
   1   0  -1    2.170124880645119E-19
   1   0   0    6.802995073302772E-20
   1   1  -1   -5.260955934392814E-20
   0   0   2    0.000000000000000E+00
   0   1   1    0.000000000000000E+00
   0   2   0    0.000000000000000E+00
   1   0   1    0.000000000000000E+00
   1   1   0    0.000000000000000E+00
   1   1   1    0.000000000000000E+00
   2   0   0    0.000000000000000E+00
  -2   0   0    0.000000000000000E+00
  -1  -1  -1    0.000000000000000E+00
  -1  -1   0    0.000000000000000E+00
  -1   0  -1    0.000000000000000E+00
   0  -2   0    0.000000000000000E+00
   0  -1  -1    0.000000000000000E+00
   0   0  -2    0.000000000000000E+00
        2        2           2        2
       33
  -1  -1   1   -2.435050081837951E-04
  -1   0   0   -1.047268712556964E-03
  -1   0   1   -1.718866925260114E-03
  -1   1  -1   -2.435050081837951E-04
  -1   1   0   -1.718866925260114E-03
  -1   1   1   -2.435050081837951E-04
   0  -1   0   -1.718866925260113E-03
   0  -1   1   -1.047268712556965E-03
   0   0  -1   -1.718866925260112E-03
   0   0   0    4.624031978161254E-02
   0   0   1   -1.718866925260112E-03
   0   1  -1   -1.047268712556965E-03
   0   1   0   -1.718866925260113E-03
   1  -1  -1   -2.435050081837951E-04
   1  -1   0   -1.718866925260114E-03
   1  -1   1   -2.435050081837951E-04
   1   0  -1   -1.718866925260114E-03
   1   0   0   -1.047268712556964E-03
   1   1  -1   -2.435050081837951E-04
   0   0   2    0.000000000000000E+00
   0   1   1    0.000000000000000E+00
   0   2   0    0.000000000000000E+00
   1   0   1    0.000000000000000E+00
   1   1   0    0.000000000000000E+00
   1   1   1    0.000000000000000E+00
   2   0   0    0.000000000000000E+00
  -2   0   0    0.000000000000000E+00
  -1  -1  -1    0.000000000000000E+00
  -1  -1   0    0.000000000000000E+00
  -1   0  -1    0.000000000000000E+00
   0  -2   0    0.000000000000000E+00
   0  -1  -1    0.000000000000000E+00
   0   0  -2    0.000000000000000E+00
        2        3           2        2
       33
  -1  -1   1   -5.546820513102535E-20
  -1   0   0    1.732681667631920E-20
  -1   0   1   -1.226609697687070E-05
  -1   1  -1   -5.546820513102535E-20
  -1   1   0    9.519194489260244E-21
  -1   1   1   -5.546820513102535E-20
   0  -1   0    1.226609697687071E-05
   0  -1   1    9.017165014018902E-20
   0   0  -1    1.264097412103537E-19
   0   0   0    1.144241653641185E-19
   0   0   1    1.264097412103537E-19
   0   1  -1    9.017165014018902E-20
   0   1   0    1.226609697687071E-05
   1  -1  -1   -5.546820513102535E-20
   1  -1   0    9.519194489260244E-21
   1  -1   1   -5.546820513102535E-20
   1   0  -1   -1.226609697687070E-05
   1   0   0    1.732681667631920E-20
   1   1  -1   -5.546820513102535E-20
   0   0   2    0.000000000000000E+00
   0   1   1    0.000000000000000E+00
   0   2   0    0.000000000000000E+00
   1   0   1    0.000000000000000E+00
   1   1   0    0.000000000000000E+00
   1   1   1    0.000000000000000E+00
   2   0   0    0.000000000000000E+00
  -2   0   0    0.000000000000000E+00
  -1  -1  -1    0.000000000000000E+00
  -1  -1   0    0.000000000000000E+00
  -1   0  -1    0.000000000000000E+00
   0  -2   0    0.000000000000000E+00
   0  -1  -1    0.000000000000000E+00
   0   0  -2    0.000000000000000E+00
        3        1           2        2
       33
  -1  -1   1    1.545997355543470E-19
  -1   0   0   -1.226609697687050E-05
  -1   0   1    1.295960409299080E-19
  -1   1  -1    1.545997355543470E-19
  -1   1   0    3.409307612698559E-19
  -1   1   1    1.545997355543470E-19
   0  -1   0   -2.092171379718122E-19
   0  -1   1    1.226609697687045E-05
   0   0  -1   -3.062024104324296E-19
   0   0   0   -7.800200083385875E-19
   0   0   1   -3.062024104324296E-19
   0   1  -1    1.226609697687045E-05
   0   1   0   -2.092171379718122E-19
   1  -1  -1    1.545997355543470E-19
   1  -1   0    3.409307612698559E-19
   1  -1   1    1.545997355543470E-19
   1   0  -1    1.295960409299080E-19
   1   0   0   -1.226609697687050E-05
   1   1  -1    1.545997355543470E-19
   0   0   2    0.000000000000000E+00
   0   1   1    0.000000000000000E+00
   0   2   0    0.000000000000000E+00
   1   0   1    0.000000000000000E+00
   1   1   0    0.000000000000000E+00
   1   1   1    0.000000000000000E+00
   2   0   0    0.000000000000000E+00
  -2   0   0    0.000000000000000E+00
  -1  -1  -1    0.000000000000000E+00
  -1  -1   0    0.000000000000000E+00
  -1   0  -1    0.000000000000000E+00
   0  -2   0    0.000000000000000E+00
   0  -1  -1    0.000000000000000E+00
   0   0  -2    0.000000000000000E+00
        3        2           2        2
       33
  -1  -1   1   -6.196322730079172E-20
  -1   0   0    3.892946555375407E-20
  -1   0   1   -1.226609697687069E-05
  -1   1  -1   -6.196322730079172E-20
  -1   1   0    2.319414437598691E-21
  -1   1   1   -6.196322730079172E-20
   0  -1   0    1.226609697687071E-05
   0  -1   1    6.857561870765457E-20
   0   0  -1    1.336095212620152E-19
   0   0   0    1.533810634929159E-19
   0   0   1    1.336095212620152E-19
   0   1  -1    6.857561870765457E-20
   0   1   0    1.226609697687071E-05
   1  -1  -1   -6.196322730079172E-20
   1  -1   0    2.319414437598691E-21
   1  -1   1   -6.196322730079172E-20
   1   0  -1   -1.226609697687069E-05
   1   0   0    3.892946555375407E-20
   1   1  -1   -6.196322730079172E-20
   0   0   2    0.000000000000000E+00
   0   1   1    0.000000000000000E+00
   0   2   0    0.000000000000000E+00
   1   0   1    0.000000000000000E+00
   1   1   0    0.000000000000000E+00
   1   1   1    0.000000000000000E+00
   2   0   0    0.000000000000000E+00
  -2   0   0    0.000000000000000E+00
  -1  -1  -1    0.000000000000000E+00
  -1  -1   0    0.000000000000000E+00
  -1   0  -1    0.000000000000000E+00
   0  -2   0    0.000000000000000E+00
   0  -1  -1    0.000000000000000E+00
   0   0  -2    0.000000000000000E+00
        3        3           2        2
       33
  -1  -1   1   -2.435050081837951E-04
  -1   0   0   -1.718866925260113E-03
  -1   0   1   -1.718866925260115E-03
  -1   1  -1   -2.435050081837951E-04
  -1   1   0   -1.047268712556964E-03
  -1   1   1   -2.435050081837951E-04
   0  -1   0   -1.718866925260113E-03
   0  -1   1   -1.718866925260115E-03
   0   0  -1   -1.047268712556963E-03
   0   0   0    4.624031978161254E-02
   0   0   1   -1.047268712556963E-03
   0   1  -1   -1.718866925260115E-03
   0   1   0   -1.718866925260113E-03
   1  -1  -1   -2.435050081837951E-04
   1  -1   0   -1.047268712556964E-03
   1  -1   1   -2.435050081837951E-04
   1   0  -1   -1.718866925260115E-03
   1   0   0   -1.718866925260113E-03
   1   1  -1   -2.435050081837951E-04
   0   0   2    0.000000000000000E+00
   0   1   1    0.000000000000000E+00
   0   2   0    0.000000000000000E+00
   1   0   1    0.000000000000000E+00
   1   1   0    0.000000000000000E+00
   1   1   1    0.000000000000000E+00
   2   0   0    0.000000000000000E+00
  -2   0   0    0.000000000000000E+00
  -1  -1  -1    0.000000000000000E+00
  -1  -1   0    0.000000000000000E+00
  -1   0  -1    0.000000000000000E+00
   0  -2   0    0.000000000000000E+00
   0  -1  -1    0.000000000000000E+00
   0   0  -2    0.000000000000000E+00
